z =

  -3.0000 + 0.0000i
   1.0000 + 0.0000i
   1.0000 - 0.0000i


p =

     0
     0
     3


k =

     1
