b =

     1     1    -5     3


a =

     1    -3     0
