ans =

     4     5
     5     6
     6     7
