ans =

   1.0e+03 *

    0.0027    0.0546    1.0966
    0.0074    0.1484    2.9810
    0.0201    0.4034    8.1031
