t =

         0    0.3333    0.6667    1.0000
