A = [
     1, 5
     6, 2
    ];

A(2, 2)
