ans =

     0     2     5
