y = 2:-2:-12
