ans =

   549929576

Elapsed time is 0.104034 seconds.
