ans =

     6    15    24
