z =

   0.4259 + 0.9048i
   0.4259 - 0.9048i
  -0.7120 + 0.7022i
  -0.7120 - 0.7022i
  -0.4622 + 0.8868i
  -0.4622 - 0.8868i
   0.8875 + 0.4609i
   0.8875 - 0.4609i
   0.9469 + 0.3215i
   0.9469 - 0.3215i

p =

  -0.7863 + 0.4216i
  -0.7863 - 0.4216i
  -0.6012 + 0.2788i
  -0.6012 - 0.2788i
  -0.4865 + 0.0000i
   0.9337 + 0.1903i
   0.9337 - 0.1903i
   0.7558 + 0.0000i
   0.8313 + 0.1434i
   0.8313 - 0.1434i

k =

    0.0234
