n =

     5

Ws =

    0.0998    0.7619
