sos =

    1.0000   -0.8518    1.0000    1.0000   -0.2693   -0.3677
    1.0000    0.9244    1.0000    1.0000    1.2024    0.4392
    1.0000   -1.7749    1.0000    1.0000   -1.6626    0.7116
    1.0000    1.4240    1.0000    1.0000    1.5725    0.7960
    1.0000   -1.8938    1.0000    1.0000   -1.8673    0.9079

g =

    0.0234
