ans =

   73.6827
