x =

   73.6827

y =

   71.6225
