gucci =

  4x4 logical array

   0   0   1   1
   0   0   1   1
   0   0   1   1
   0   0   1   1

slay =

     9
    10
    11
    12
    13
    14
    15
    16

cols =

     9    13
    10    14
    11    15
    12    16
