ans =

  4x4 logical array

   0   1   0   0
   0   1   0   0
   0   0   0   0
   1   0   0   0
