ans =

     4    16
