ans =

     5     9
     8    12
