ans =

     9    13
    10    14
