ans =

     3     1     2
