ans =

     1
     4
    13
    16
