y =

    0.5000    0.8660    0.5774
