sz =

     2     2


B =

     3     4
     6     8
